3.105801077652678086e-02 1.283695478999152595e+00 8.016617524044404586e-02 2.032164139557580906e+00 1.249670751041900729e+00
1.732163147984084051e-01 1.273924224134048266e+00 4.372035838383529494e-01 1.120288221831963638e+00 -2.334431337897743819e-01
2.916868613756308237e-01 1.394095895714103861e+00 9.197601840289836017e-02 1.258952130647438050e+00 4.045553879737767700e-01
1.153532823825491604e-01 1.406713119704708026e+00 5.960732819390164583e-02 2.032706688337054146e+00 1.119931449131845946e+00
2.351414810354588575e-02 1.304721722753074520e+00 1.263191576829697793e-01 1.809994671251477172e+00 1.039276258074181003e+00
5.700770664775146185e-02 1.293671624631609562e+00 8.960803424127508632e-02 1.945278303557721244e+00 1.148726824551246750e+00
1.637799401877617633e-01 1.382728010691468334e+00 7.939005835671891775e-02 1.807457062318005514e+00 8.093865014079687503e-01
1.354419448890155642e-01 1.507760488987091474e+00 8.222444475978696321e-02 1.734011279334537248e+00 8.946974974189915164e-01
5.648686963796876320e-02 1.277666534075383442e+00 5.356635551125237676e-02 2.195173379783554424e+00 1.493396570691354563e+00
1.274294882219549618e-01 1.569187788455902455e+00 3.039867937979278192e-02 2.195901433346496567e+00 1.179908873936330815e+00
1.415304322202089737e-01 1.443227636141628079e+00 6.083780852934583816e-02 1.953245486803627085e+00 9.915360090561707862e-01
3.658814035132686993e-01 1.377983055585209060e+00 6.277829097176233775e-02 6.845005994027533180e-01 2.869414740882906822e-01
-1.466626987572812804e-02 1.184781300057303532e+00 6.342239757489187557e-02 2.199880900489926905e+00 1.568897871849844528e+00
4.020936999220495883e-02 1.198938756607947020e+00 4.927498308347720568e-02 2.293570418797376664e+00 1.393751771305799636e+00
-2.689646083795476095e-01 1.110673583719926416e+00 7.605570547930752545e-02 2.240934528842976281e+00 2.273888869337121310e+00
-2.205082146311793945e-01 1.336927317970495466e+00 1.366356765851609312e-01 2.031232396132680140e+00 1.747433417085231033e+00
-2.617634069159217609e-03 1.231572393506226826e+00 5.947540317140799504e-02 2.193177230258615662e+00 1.559354120336732263e+00
-9.385876645179014321e-02 7.998886735964113592e-01 2.772227477981436053e-02 2.611018002738765720e+00 2.092900096936153531e+00
1.572448153988331987e-01 1.306918915571495532e+00 9.063669498901369415e-02 1.784895247636498095e+00 7.642244402069615639e-01
3.329832676910483152e-02 1.256280445002190715e+00 6.028417225883593578e-02 2.168833562997824593e+00 1.452302275929216790e+00
9.429017357039926051e-02 1.313474661607867189e+00 7.439248763352995786e-02 1.993784564462875331e+00 1.046097963571034573e+00
1.238860152474663551e-01 1.244462742791170085e+00 9.340224917748413125e-02 1.843234491218892490e+00 9.270988719990551630e-01
5.157400058157142475e-02 1.207114814968851757e+00 6.735411744952364554e-02 2.104388075880902154e+00 1.381376796363518844e+00
8.239602737110396369e-02 1.262884678164705399e+00 4.729647832691070974e-02 2.258105792670394685e+00 1.366872858034238192e+00
4.331932633785532533e-02 1.217163736737638224e+00 3.306187085452159252e-02 2.487282347083950462e+00 1.667181425530666727e+00
-3.749216049679381102e-02 1.425518165385921465e+00 6.517470287172169585e-02 2.233277439208659843e+00 1.771888255996923345e+00
-3.657947568760123169e-01 4.606237878388341755e-01 1.293389613149486736e-02 3.033628675191064161e+00 2.755097464060933365e+00
6.490818233698128492e-02 1.353502843697172331e+00 8.111310766644648507e-02 1.991988252502861378e+00 1.133408632461240906e+00
9.381096589277483633e-02 1.335235283053042066e+00 7.571219271063181488e-02 1.975304039440958448e+00 1.034524052358305024e+00
-2.836456721269107334e-02 1.183244516397746748e+00 8.717935144938014635e-02 2.041934483066304207e+00 1.372715667819230712e+00
-1.015347780233764263e+00 -3.457608093924621206e-01 1.550208823946725156e-01 1.721297215481790044e+00 1.438372606443991675e+00
2.371390592373433248e-02 1.082555390456873878e+00 1.085114851838255567e-01 1.889788072131066254e+00 1.058908450021615488e+00
-2.596581653336721418e-01 9.865814872599804053e-01 5.977549235403947780e-02 2.313513584085700181e+00 2.013256715033219457e+00
-1.398219883783689832e-01 1.303832771819172009e+00 4.107422571279130408e-02 2.521298285632207037e+00 2.117461518813601895e+00
-3.838298091291011405e-01 7.491113219751945884e-01 3.429679073736553729e-02 2.565135310784646183e+00 2.530234226773117712e+00
-3.013194829699082367e-01 7.308121572430466006e-01 4.551618230636984841e-02 2.383357745573288167e+00 2.209828760609487297e+00
-2.398818435979587285e-02 1.068657250027584604e+00 1.003412142628259535e-01 1.949199055176960904e+00 1.250151568176387729e+00
-7.787449303214688534e-02 1.085139780027585488e+00 9.958528837789618060e-02 1.997275872722790169e+00 1.439417327845724737e+00
-9.043938895831703587e-03 1.209840724301107118e+00 7.577587335903715471e-02 2.079169077505767849e+00 1.443940031967996696e+00
-1.778551056460771565e-02 1.300027271963837272e+00 8.363016488358378242e-02 2.041827999035567665e+00 1.440644758381865120e+00
-6.809108215497586269e-02 1.226725904069162709e+00 7.795025101412771107e-02 2.134970157573870431e+00 1.618666858597243019e+00
-2.861311683504420139e-02 9.135516190402922510e-01 1.046433403523211875e-01 1.938518688155095315e+00 1.293085388060854157e+00
5.005944904631799003e-02 1.612712731669648125e+00 1.090602009766997449e-01 1.786653876985098366e+00 9.264928714453702918e-01
-3.050021802936425316e-02 1.317679693106259542e+00 7.712009157530616554e-02 2.107860735267477637e+00 1.518388696394563642e+00
1.175949315233897896e-01 1.717328910710002932e+00 2.287846833446424144e-01 1.091563411708943887e+00 4.855224995575541103e-01
4.788128420832746812e-01 1.371261774523398813e+00 -1.127330764548532538e-01 1.300640776797338694e+00 2.941600557299635099e-01
1.094980850536742267e-01 1.617314801525036261e+00 9.174144266724640340e-02 1.707697498958174354e+00 7.748099790020417377e-01
1.385029372952296112e-01 1.581759517501138745e+00 2.645462608843434649e-01 1.138698412644178593e+00 2.321709574198873860e-01
1.005925633529616975e-01 1.445708728139693422e+00 4.759645738023283307e-02 2.151369183483245351e+00 1.156199339497204104e+00
2.879614705265453115e-02 1.081226039193648347e+00 9.192399566346853845e-02 1.986716950216210309e+00 1.196270737164497389e+00
3.621786967884155911e-02 1.456673321077858407e+00 1.191005820277620808e-01 1.838827841004464725e+00 7.741723003135113634e-01
-7.916095353239469556e-01 -1.065121136989882478e-01 2.921117620632540657e-01 1.501847067841427741e+00 6.604199901226140978e-01
